poligon((1 0, --1 2, -3 6, -5 6, 5 9, 1 0))
circle(-11-3, 1.5)
circle(-1 -3,1.5)
circle(-2 3-3, 1.5)
circle(-3 -3, 1.5)
poligon(1 0, -1 2, -3 6, -5 6, 5 9, 1 0))
poligon((10, -1 2, -3 6, -5 6, 5 9, 1 0))
poligon((1 1, 1 0, 3 0, 4 0, 4 1, 3 1, 2 1, 1 1))
poligon((1 0, 2 0, -3 6, -5 6, 5 -9, 1 0, 53 56, 1 0))
poligon((1 0, 2 0, -3 6, -5 6, 5 -9, 1 0, 53 56, 1 0))
triangle((0 0, --16 1, 1 5, 0 0))
triangle((0 0, 1-7 1, 1 5, 0 0))
triangle((0 0, 18 1, 1 5, 0 0))
triangle((0 0, 19 1, 1 5, 0 0))
triangle((-3 -2, -1 0, -3 2, -3 -2))
triangle((0 0, 19 1, 1 5, 0 0))
